73
60
73
70
70
68
70
70
55
65
65
70
65
65
60
70
55
60
70
70
75
70
70
59
64
65
75
60
50
65
65
65
65
35
47
60
55
73
80
45
70
60
73
75
65
65
64
75
60
60
70
70
70
45
70
64
65
65
68
64
70
70
75
70
60
65
40
58
75
65
65
80
65
55
70
59
65
65
75
65
80
74
55
57
65
55
60
65
45
75
70
65
70
60
49
65
75
75
70
65
75
70
75
58
70
49
63
55
65
65
65
69
70
45
50
65
70
65
80
69
75
75
70
60
70
65
50
75
60
65
60
69
70
60
67
70
65
60
70
65
64
60
75
65
62
52
65
65
70
65
50
70
70
80
60
75
75
70
60
70
35
65
75
65
65
75
70
55
65
75
75
70
70
75
75
65
75
70
75
75
65
45
75
70
70
70
75
75
65
75
65
75
50
60
50
65
53
65
69
35
47
30
35
75
0
75
65
65
70
65
49
49
74
68
65
60
70
60
70
55
35
70
69
70
70
80
70
40
48
47
75
65
75
55
75
75
60
65
70
60
63
70
60
75
61
65
75
75
40
73
70
75
80
70
75
75
55
70
64
60
75
70
75
65
65
78
65
65
70
70
65
70
65
73
39
70
70
60
55
60
60
55
60
65
60
65
60
55
50
75
65
75
65
65
60
65
70
70
55
53
65
70
65
65
75
60
55
60
65
65
65
65
55
67
65
60
75
70
70
75
65
70
65
65
75
60
70
75
75
80
55
65
60
65
75
65
70
65
65
65
75
70
65
65
63
75
75
60
70
75
75
70
65
70
70
65
70
70
65
70
65
55
70
65
70
70
59
65
70
60
60
75
65
70
75
47
70
75
75
75
60
70
65
60
70
75
75
65
75
38
40
75
75
70
60
70
47
60
59
15
80
60
75
80
75
75
80
70
65
70
75
70
75
60
65
73
50
70
65
70
70
75
80
65
75
70
70
65
65
70
70
75
75
70
65
70
75
65
75
65
72
70
70
70
75
55
60
60
75
70
75
65
65
75
65
70
70
70
75
65
75
60
75
75
70
75
75
75
75
70
75
65
65
70
64
55
74
62
73
65
75
75
75
80
65
80
75
75
70
70
70
60
80
70
75
70
70
70
60
65
65
70
60
80
57
70
75
73
65
75
75
60
70
70
75
55
75
60
38
75
75
80
75
70
70
70
60
80
75
70
80
70
75
75
75
75
70
75
70
70
70
75
42
70
55
75
80
80
63
65
80
70
70
80
75
70
65
65
75
75
80
75
75
75
75
70
65
75
67
70
70
70
70
65
75
30
60
65
65
70
45
75
75
70
80
0
60
70
60
45
55
75
55
22
64
65
60
65
65
59
0
65
65
70
75
70
45
60
70
75
70
62
70
60
60
65
70
55
65
80
65
65
70
65
70
65
20
70
75
60
75
50
75
75
70
55
70
45
55
70
60
65
65
65
70
70
74
70
75
70
65
70
65
60
58
55
70
70
38
65
80
60
70
70
60
70
75
70
65
45
70
65
75
60
70
70
70
64
55
65
70
40
75
59
65
65
75
65
70
70
65
70
60
60
65
65
70
80
55
75
75
70
70
60
75
65
60
65
70
70
67
70
75
35
70
75
75
75
80
70
45
64
70
65
70
75
80
65
65
65
70
54
75
60
75
75
65
55
70
55
60
70
65
70
70
77
60
70
75
70
75
75
70
70
70
60
75
75
75
70
70
70
65
80
80
75
73
60
70
65
65
40
57
55
70
50
75
65
75
75
75
50
75
60
65
75
75
60
67
55
50
60
75
70
65
80
70
50
65
75
70
75
70
70
75
70
80
70
75
60
70
72
70
70
70
50
70
75
55
70
65
45
65
70
60
65
67
75
70
70
55
75
70
70
65
60
65
65
75
75
70
75
75
65
70
75
70
75
75
70
55
75
75
65
70
75
75
75
70
70
65
65
75
60
70
70
75
70
70
65
75
65
65
75
75
70
65
75
60
75
63
75
70
70
70
70
60
35
75
70
70
65
70
80
75
70
70
70
58
65
70
65
70
45
75
80
75
65
75
80
65
70
65
60
60
70
70
65
70
70
75
70
75
75
70
35
60
50
60
45
65
65
32
70
34
70
70
75
65
60
60
75
70
55
70
70
65
65
65
70
70
75
75
60
75
75
70
80
55
70
65
70
70
75
75
60
65
60
75
65
65
70
67
65
70
45
80
65
70
70
70
70
65
60
70
70
70
75
75
75
75
60
75
65
60
75
65
75
70
60
75
65
75
70
75
60
70
75
75
70
70
75
65
45
65
65
70
65
75
65
65
65
75
70
70
75
75
80
70
75
70
70
75
70
70
70
70
65
75
70
75
70
75
75
40
55
65
30
65
75
80
75
75
75
55
75
55
69
70
70
75
65
70
70
65
75
30
75
49
45
65
75
75
65
75
80